data;

set G:= 1 2 3 4 5 6 7 8 9 10;

set I:= 1 2 3 4 5 6 7 8 9 10 11 12 13 14 15 16 17 18 19 20 21 22 23 24 25 26 27 28 29 30 31 32 33 34 35 36 37 38 39 40 41 42 43 44 45 46 47 48 49 50 51 52 53 54 55 56 57 58 59 60 61 62 63 64 65 66 67 68 69 70 71 72 73 74 75 76 77 78 79 80 81 82 83 84 85 86 87 88 89 90 91 92 93 94 95 96 97 98 99;

param p:		 1 2 3 4 5 6 7 8 9 10 :=
			1 29 3 13 8 21 23 36 35 27 20;
			2 46 7 1 13 48 4 34 7 47 17;
			3 42 46 4 18 18 10 47 45 39 13;
			4 1 47 48 50 46 3 7 2 10 6;
			5 21 38 32 35 3 3 49 5 31 41;
			6 28 14 43 39 44 6 23 50 14 48;
			7 7 39 2 3 9 8 26 3 38 41;
			8 17 44 17 4 21 8 5 37 16 37;
			9 10 41 9 24 20 43 34 3 18 45;
			10 37 16 38 21 18 19 22 50 2 20;
			11 31 39 45 10 21 33 36 21 40 13;
			12 22 8 13 43 14 42 21 47 35 39;
			13 37 23 3 26 7 22 1 40 42 24;
			14 44 39 20 13 18 16 37 43 21 43;
			15 41 26 43 37 50 13 50 1 40 28;
			16 39 20 14 36 3 24 43 33 27 39;
			17 1 18 12 13 6 29 6 47 9 41;
			18 38 40 21 40 13 35 14 48 3 22;
			19 47 38 10 15 46 13 14 26 46 44;
			20 7 45 33 6 47 44 10 22 18 19;
			21 31 20 40 3 39 30 18 37 49 11;
			22 47 1 44 11 14 25 30 46 2 15;
			23 28 26 21 27 18 30 25 4 38 11;
			24 41 21 38 1 24 6 9 46 50 18;
			25 35 8 40 32 40 9 33 22 31 27;
			26 18 9 28 49 21 31 33 15 5 44;
			27 11 36 18 45 44 25 6 41 5 26;
			28 12 46 37 8 8 23 34 39 40 3;
			29 37 29 19 14 44 11 35 41 36 44;
			30 46 39 7 10 22 28 13 17 24 34;
			31 26 27 42 22 14 27 6 27 17 9;
			32 48 37 20 48 20 13 21 28 46 22;
			33 22 40 37 45 27 30 34 40 24 32;
			34 19 8 24 18 45 45 19 18 23 5;
			35 26 11 12 25 44 36 7 27 12 22;
			36 39 3 40 11 25 7 13 50 1 8;
			37 13 12 33 17 37 41 13 12 25 44;
			38 44 41 45 37 32 6 18 5 50 36;
			39 49 50 48 36 23 16 26 28 22 26;
			40 30 6 35 48 43 44 49 27 19 10;
			41 15 1 9 9 50 38 10 46 2 44;
			42 50 4 25 10 24 16 29 42 24 44;
			43 40 35 7 36 48 49 36 5 17 37;
			44 24 48 47 27 44 9 23 22 3 22;
			45 17 35 19 40 6 28 37 14 26 45;
			46 5 21 40 3 38 35 5 37 32 8;
			47 10 47 26 33 43 38 44 36 30 31;
			48 20 7 19 46 40 11 5 17 20 4;
			49 38 32 50 39 43 44 12 44 25 24;
			50 3 14 9 39 44 9 27 45 28 38;
			51 17 19 50 40 32 49 4 25 35 35;
			52 21 25 14 45 19 1 43 34 49 31;
			53 29 20 36 22 7 50 33 42 31 20;
			54 22 17 38 3 24 10 6 7 27 33;
			55 50 28 45 21 8 21 38 39 49 23;
			56 12 27 21 26 43 38 21 19 7 2;
			57 2 39 37 45 30 30 39 27 23 46;
			58 41 18 33 34 49 23 14 25 5 39;
			59 25 33 10 5 50 43 13 43 47 45;
			60 19 38 20 33 21 38 43 29 44 18;
			61 40 2 38 47 12 18 24 33 37 18;
			62 37 33 42 6 26 28 43 50 17 41;
			63 28 17 19 39 19 21 26 33 3 6;
			64 33 36 27 9 27 24 46 49 24 12;
			65 49 7 4 18 6 49 23 2 31 6;
			66 31 46 31 45 46 49 7 47 16 26;
			67 27 15 37 2 41 1 17 41 31 46;
			68 46 7 37 14 6 37 45 16 30 18;
			69 17 37 7 23 17 7 11 21 15 29;
			70 34 6 8 31 28 17 10 1 17 16;
			71 22 49 48 18 48 1 8 8 2 44;
			72 34 46 7 23 33 37 47 48 12 21;
			73 9 16 28 46 38 9 30 33 5 14;
			74 16 12 29 46 5 10 20 18 14 27;
			75 42 27 22 17 28 42 48 18 27 20;
			76 27 21 17 45 44 24 45 33 27 48;
			77 10 8 10 17 36 23 16 13 33 21;
			78 33 30 23 48 46 18 42 23 33 37;
			79 22 46 17 4 38 44 37 50 33 36;
			80 5 26 48 34 17 11 30 23 15 4;
			81 2 15 38 7 44 27 13 18 11 50;
			82 36 31 26 29 31 41 38 31 32 31;
			83 39 42 26 18 30 10 40 3 49 40;
			84 35 19 50 32 33 31 31 41 5 14;
			85 2 11 40 13 19 25 36 24 19 3;
			86 23 47 34 34 22 42 50 36 28 20;
			87 16 8 37 25 32 2 23 14 46 47;
			88 50 48 26 44 45 8 41 17 46 39;
			89 31 7 33 14 38 39 7 5 9 50;
			90 10 27 3 23 6 14 48 26 5 22;
			91 3 11 6 0 25 18 27 32 20 13;
			92 7 17 16 0 7 40 29 27 1 8;
			93 4 2 26 0 17 43 33 42 27 11;
			94 0 46 45 0 15 37 34 39 40 10;
			95 0 12 39 0 28 1 9 23 43 44;
			96 0 2 14 0 49 29 32 45 24 39;
			97 0 45 21 0 47 10 4 33 39 46;
			98 0 9 4 0 10 6 3 49 45 40;
			99 0 20 7 0 22 48 3 28 18 20;
param w:		 1 2 3 4 5 6 7 8 9 10 :=
			1 90 42 79 98 81 42 86 1 99 56;
			2 30 25 26 12 67 92 72 51 3 29;
			3 19 10 65 92 89 47 77 61 34 74;
			4 11 8 45 65 45 35 87 85 22 37;
			5 14 81 64 23 73 5 4 29 70 65;
			6 90 35 20 15 29 42 97 88 88 32;
			7 78 75 2 10 12 8 64 65 74 82;
			8 94 17 96 33 74 80 42 82 54 91;
			9 4 61 96 44 76 66 65 6 10 66;
			10 20 12 28 17 5 27 99 39 63 75;
			11 29 91 48 47 32 59 21 57 50 90;
			12 32 49 41 24 51 49 22 95 52 88;
			13 95 99 51 16 97 83 67 96 19 63;
			14 47 62 26 22 9 38 30 29 46 11;
			15 50 29 86 87 21 31 56 83 27 34;
			16 70 92 37 100 90 37 84 95 5 63;
			17 19 79 55 46 23 87 35 86 68 97;
			18 86 28 66 98 2 77 28 41 73 6;
			19 44 63 17 82 75 40 4 43 97 55;
			20 40 36 71 39 60 39 72 100 62 79;
			21 69 25 43 99 1 66 14 82 78 34;
			22 84 58 25 45 42 99 84 73 33 19;
			23 88 10 93 58 99 39 93 39 88 53;
			24 63 47 13 64 84 83 34 32 69 53;
			25 89 19 81 53 37 72 11 58 5 55;
			26 28 88 75 21 93 25 33 47 51 87;
			27 65 46 37 41 60 41 18 42 72 89;
			28 41 68 42 91 36 74 3 13 91 34;
			29 47 60 70 72 52 46 56 32 48 1;
			30 5 84 6 21 25 89 21 33 11 45;
			31 27 7 13 3 96 75 84 91 77 24;
			32 87 10 22 45 76 51 7 49 50 75;
			33 76 94 56 86 21 5 63 76 77 49;
			34 35 76 90 37 84 98 86 26 49 94;
			35 20 77 96 61 23 42 100 67 71 25;
			36 27 3 56 23 94 40 30 89 42 26;
			37 7 32 53 80 84 68 24 15 11 34;
			38 35 4 86 71 38 32 42 45 4 24;
			39 92 38 5 96 54 20 89 67 64 4;
			40 36 11 85 37 7 62 76 100 99 55;
			41 83 59 89 18 13 74 60 49 3 54;
			42 49 16 64 46 63 26 81 43 75 54;
			43 26 38 78 53 43 14 66 38 56 19;
			44 63 52 11 18 32 88 65 82 16 48;
			45 28 15 27 51 93 9 20 95 4 83;
			46 72 86 5 86 18 86 88 88 29 57;
			47 93 14 62 61 70 5 92 92 44 3;
			48 52 57 59 1 9 47 77 17 27 29;
			49 33 36 12 29 70 67 28 77 56 62;
			50 91 67 93 65 37 57 25 85 44 58;
			51 63 94 12 16 36 32 18 70 37 98;
			52 93 17 1 51 70 67 91 46 78 47;
			53 31 80 32 6 68 39 18 38 11 78;
			54 14 66 61 83 100 8 60 40 48 69;
			55 27 69 83 59 79 15 60 69 53 97;
			56 54 24 72 100 16 53 57 85 47 43;
			57 16 30 55 79 57 58 47 36 100 68;
			58 13 82 48 86 67 53 99 62 32 47;
			59 91 73 43 32 27 28 24 33 89 34;
			60 17 65 31 12 45 81 37 46 9 10;
			61 93 20 78 44 5 72 99 56 24 39;
			62 25 8 61 87 59 74 50 15 75 25;
			63 1 48 13 31 6 58 69 21 19 49;
			64 57 91 60 53 68 41 49 66 38 96;
			65 17 100 18 28 11 16 40 76 28 79;
			66 85 99 87 99 70 84 74 96 51 100;
			67 15 77 56 57 89 97 78 79 18 40;
			68 52 70 97 89 16 49 50 32 66 59;
			69 55 86 24 23 97 52 1 83 13 68;
			70 19 25 27 67 81 97 52 24 6 2;
			71 66 67 53 93 25 77 48 61 63 1;
			72 47 84 81 9 70 6 82 72 23 18;
			73 74 87 85 63 77 31 97 86 24 91;
			74 26 63 91 6 32 9 10 73 68 59;
			75 85 50 37 52 37 3 95 76 53 58;
			76 86 99 100 80 26 50 15 96 7 44;
			77 33 80 9 66 41 59 73 3 65 37;
			78 14 53 58 2 19 54 39 82 95 41;
			79 89 26 78 5 54 95 41 45 86 26;
			80 66 15 49 59 73 92 37 23 8 99;
			81 20 4 21 71 93 42 11 53 13 41;
			82 36 71 28 78 14 9 89 69 32 32;
			83 79 32 26 10 85 29 31 59 91 95;
			84 83 37 14 45 89 77 82 99 62 50;
			85 55 31 32 40 48 66 50 23 13 68;
			86 70 75 7 65 60 47 42 43 72 30;
			87 25 61 90 80 17 26 93 82 71 47;
			88 6 44 43 7 5 28 48 83 41 92;
			89 26 75 14 22 69 62 54 99 52 62;
			90 66 11 4 92 100 17 61 85 62 17;
			91 25 85 6 0 67 30 7 25 85 69;
			92 39 97 69 0 99 90 45 8 81 19;
			93 65 18 15 0 12 93 42 94 53 33;
			94 0 96 39 0 4 8 20 1 84 94;
			95 0 49 42 0 7 88 22 93 59 47;
			96 0 73 92 0 33 49 66 63 6 13;
			97 0 26 26 0 74 77 23 41 53 93;
			98 0 32 41 0 32 19 20 28 5 71;
			99 0 38 47 0 76 19 43 35 37 37;
param n := 1000;
param c := 13021;
end;